---
image_width: 240
image_height: 320
camera_name: camera
camera_matrix:
  rows: 3
  cols: 3
  data: [1168.68, 0, 295.015, 0, 1169.01, 252.247, 0, 0, 1]
distortion_model: plumb_bob
distortion_coefficients:
  rows: 1
  cols: 5
  data: [-1.04482, 1.59252, -0.0196308, 0.0287906, 0]
rectification_matrix:
  rows: 3
  cols: 3
  data: [1, 0, 0, 0, 1, 0, 0, 0, 1]
projection_matrix:
  rows: 3
  cols: 4
  data: [1168.68, 0, 295.015, 0, 0, 1169.01, 252.247, 0, 0, 0, 1, 0]
